#Layer_Color=16711935
#
#Feature symbol names
#
$0 r0.3937
$1 r3.937
$2 r6
$3 rect66.9291x15.0915
$4 rect15.0915x66.9291

#
#Feature attribute names
#

#
#Layer features
#
A 0.144679 -1.0010031 0.1702696 -1.0010031 0.1574743 -1.0010031 0 P 0 N
A 0.1702696 -1.0856487 0.144679 -1.0856487 0.1574743 -1.0856487 0 P 0 N
A -0.4596517 -1.0856487 -0.4852423 -1.0856487 -0.472447 -1.0856487 0 P 0 N
A -0.4852423 -1.0010031 -0.4596517 -1.0010031 -0.472447 -1.0010031 0 P 0 N
A 0.7746002 -1.0010031 0.8001908 -1.0010031 0.7873955 -1.0010031 0 P 0 N
A -0.7746124 -1.0856487 -0.800203 -1.0856487 -0.7874077 -1.0856487 0 P 0 N
A 0.8001908 -1.0856487 0.7746002 -1.0856487 0.7873955 -1.0856487 0 P 0 N
A -0.800203 -1.0010031 -0.7746124 -1.0010031 -0.7874077 -1.0010031 0 P 0 N
A 1.0387402 1.5 1.0387402 1.5 0.96 1.5 1 P 0 N
L 0.007874 -1.2263779 0.0708662 -1.2263779 1 P 0
L 0.007874 -1.3326771 0.007874 -1.2263779 1 P 0
L 0.007874 -1.3326771 0.0708662 -1.3326771 1 P 0
L 0.007874 -1.4625984 0.0708662 -1.4625984 1 P 0
L 0.007874 -1.5688976 0.007874 -1.4625984 1 P 0
L 0.007874 -1.5688976 0.0708662 -1.5688976 1 P 0
L 0.0127952 0.2519684 0.0127952 0.3385826 1 P 0
L 0.0127952 0.2519684 0.0659448 0.2519684 1 P 0
L 0.0127952 0.3385826 0.0659448 0.3385826 1 P 0
L -0.0231495 -0.8764962 0.0634647 -0.8764962 1 P 0
L -0.0231495 -0.9335828 -0.0231495 -0.8764962 1 P 0
L -0.0231495 -0.9335828 0.0634647 -0.9335828 1 P 0
L -0.0501969 -1.5590553 -0.0501969 -1.4724411 1 P 0
L 0.0531513 -0.9645588 0.0787354 -0.9389747 1 P 0
L 0.0531513 -0.9960613 0.0570883 -0.9960613 0 P 0
L 0.0531513 -1.0905495 0.0570883 -1.0905495 0 P 0
L 0.0531513 -1.1476361 0.0531513 -0.9645588 1 P 0
L 0.0531513 -1.1476361 0.2618127 -1.1476361 1 P 0
L 0.0570723 -0.9657087 0.0798693 -0.9429117 0 P 0
L 0.0570883 -1.1436991 0.0570883 -0.9657086 0 P 0
L 0.0570883 -1.1436991 0.2578757 -1.1436991 0 P 0
L 0.0634647 -0.9335828 0.0634647 -0.8764962 1 P 0
L 0.0659448 0.2519684 0.0659448 0.3385826 1 P 0
L 0.0708662 -1.3326771 0.0708662 -1.2263779 1 P 0
L 0.0708662 -1.5688976 0.0708662 -1.4625984 1 P 0
L 0.0787354 -0.9389747 0.2362126 -0.9389747 1 P 0
L 0.0798756 -0.9429117 0.2350787 -0.9429117 0 P 0
L -0.0950787 -1.2588582 0.0950787 -1.2588582 1 P 0
L -0.0950787 -1.2887795 0.0950787 -1.2887795 1 P 0
L -0.0950787 -1.9789369 0.0950787 -1.9789369 1 P 0
L 0.0950787 -2.0088582 0.0950787 -1.2588582 1 P 0
L -0.0950787 -2.0088582 -0.0950787 -1.2588582 1 P 0
L -0.0950787 -2.0088582 0.0950787 -2.0088582 1 P 0
L -0.1072835 -1.4724411 -0.0501969 -1.4724411 1 P 0
L -0.1072835 -1.5590553 -0.0501969 -1.5590553 1 P 0
L -0.1072835 -1.5590553 -0.1072835 -1.4724411 1 P 0
L -0.1259841 -0.269685 -0.1259841 -0.1633858 1 P 0
L 0.1259843 0.3602362 0.1259843 0.4665354 1 P 0
L 0.1259843 0.3602362 0.1889765 0.3602362 1 P 0
L 0.1259843 0.4665354 0.1889765 0.4665354 1 P 0
L 0.128937 1.3503936 0.128937 1.4370078 1 P 0
L 0.128937 1.3503936 0.1860236 1.3503936 1 P 0
L 0.128937 1.4370078 0.1860236 1.4370078 1 P 0
L -0.1309055 -0.1082678 -0.1309055 -0.0216536 1 P 0
L 0.144679 -0.9271842 0.1702696 -0.9271842 0 P 0
L 0.144679 -1.0010031 0.144679 -0.9271842 0 P 0
L 0.144679 -1.0010031 0.1702696 -1.0010031 0 P 0
L 0.144679 -1.0856487 0.1702696 -1.0856487 0 P 0
L 0.144679 -1.1594676 0.144679 -1.0856487 0 P 0
L 0.144679 -1.1594676 0.1702696 -1.1594676 0 P 0
L 0.1702696 -1.0010031 0.1702696 -0.9271842 0 P 0
L 0.1702696 -1.1594676 0.1702696 -1.0856487 0 P 0
L -0.1702755 -1.7559055 -0.1702755 -1.6692913 1 P 0
L -0.1702756 0.4881888 -0.1702756 0.574803 1 P 0
L -0.1840552 -0.0216536 -0.1309055 -0.0216536 1 P 0
L -0.1840552 -0.1082678 -0.1309055 -0.1082678 1 P 0
L -0.1840552 -0.1082678 -0.1840552 -0.0216536 1 P 0
L 0.1860236 1.3503936 0.1860236 1.4370078 1 P 0
L -0.1889763 -0.1633858 -0.1259841 -0.1633858 1 P 0
L -0.1889763 -0.269685 -0.1259841 -0.269685 1 P 0
L -0.1889763 -0.269685 -0.1889763 -0.1633858 1 P 0
L 0.1889765 0.3602362 0.1889765 0.4665354 1 P 0
L -0.2234251 -1.6692913 -0.1702755 -1.6692913 1 P 0
L -0.2234251 -1.7559055 -0.1702755 -1.7559055 1 P 0
L -0.2234251 -1.7559055 -0.2234251 -1.6692913 1 P 0
L -0.2234253 0.4881888 -0.1702756 0.4881888 1 P 0
L -0.2234253 0.4881888 -0.2234253 0.574803 1 P 0
L -0.2234253 0.574803 -0.1702756 0.574803 1 P 0
L 0.2350787 -0.9429117 0.2578757 -0.9657087 0 P 0
L 0.2362142 -0.9389763 0.2618047 -0.9645668 1 P 0
L 0.2578757 -0.9960613 0.2618127 -0.9960613 0 P 0
L 0.2578757 -1.0905495 0.2618127 -1.0905495 0 P 0
L 0.2578757 -1.1436991 0.2578757 -0.9657087 0 P 0
L 0.2618127 -1.1476361 0.2618127 -0.9645748 1 P 0
L 0.269685 1.410433 0.269685 1.4635826 1 P 0
L 0.269685 1.410433 0.3562992 1.410433 1 P 0
L 0.269685 1.4635826 0.3562992 1.4635826 1 P 0
L -0.3110237 1.4104331 -0.3110237 1.4635827 1 P 0
L 0.3562992 1.410433 0.3562992 1.4635826 1 P 0
L -0.3681086 -1.1476361 -0.3681086 -0.9645748 1 P 0
L -0.3720456 -0.9960613 -0.3681086 -0.9960613 0 P 0
L -0.3720456 -1.0905495 -0.3681086 -1.0905495 0 P 0
L -0.3720456 -1.1436991 -0.3720456 -0.9657087 0 P 0
L -0.3937071 -0.9389763 -0.3681166 -0.9645668 1 P 0
L -0.3948426 -0.9429117 -0.3720456 -0.9657087 0 P 0
L -0.3976379 1.4104331 -0.3110237 1.4104331 1 P 0
L -0.3976379 1.4104331 -0.3976379 1.4635827 1 P 0
L -0.3976379 1.4635827 -0.3110237 1.4635827 1 P 0
L -0.4064959 -1.3622047 -0.4064959 -1.2755905 1 P 0
L -0.4064959 -1.5590551 -0.4064959 -1.4724409 1 P 0
L -0.406496 -0.3759843 -0.406496 -0.2893701 1 P 0
L 0.4064961 0.4035433 0.4064961 0.4901575 1 P 0
L 0.4064961 0.4035433 0.4596458 0.4035433 1 P 0
L 0.4064961 0.4901575 0.4596458 0.4901575 1 P 0
L -0.4409448 0.3602362 -0.4409448 0.4665354 1 P 0
L 0.4409449 -0.1633858 0.5039371 -0.1633858 1 P 0
L 0.4409449 -0.269685 0.4409449 -0.1633858 1 P 0
L 0.4409449 -0.269685 0.5039371 -0.269685 1 P 0
L 0.4458662 -0.3326773 0.4990158 -0.3326773 1 P 0
L 0.4458662 -0.4192915 0.4458662 -0.3326773 1 P 0
L 0.4458662 -0.4192915 0.4990158 -0.4192915 1 P 0
L 0.4458662 -1.5098425 0.4990158 -1.5098425 1 P 0
L 0.4458662 -1.5964567 0.4458662 -1.5098425 1 P 0
L 0.4458662 -1.5964567 0.4990158 -1.5964567 1 P 0
L -0.4586614 -0.8385827 -0.4586614 -0.7755905 1 P 0
L -0.4596455 -1.4724409 -0.4064959 -1.4724409 1 P 0
L -0.4596455 -1.5590551 -0.4064959 -1.5590551 1 P 0
L -0.4596455 -1.5590551 -0.4596455 -1.4724409 1 P 0
L -0.4596456 -0.2893701 -0.406496 -0.2893701 1 P 0
L -0.4596456 -0.3759843 -0.406496 -0.3759843 1 P 0
L -0.4596456 -0.3759843 -0.4596456 -0.2893701 1 P 0
L -0.4596456 -1.2755905 -0.4064959 -1.2755905 1 P 0
L -0.4596456 -1.3622047 -0.4064959 -1.3622047 1 P 0
L -0.4596456 -1.3622047 -0.4596456 -1.2755905 1 P 0
L 0.4596458 0.4035433 0.4596458 0.4901575 1 P 0
L -0.4596517 -1.0010031 -0.4596517 -0.9271842 0 P 0
L -0.4596517 -1.1594676 -0.4596517 -1.0856487 0 P 0
L 0.4744094 -0.0324802 0.5610236 -0.0324802 1 P 0
L 0.4744094 -0.0856299 0.4744094 -0.0324802 1 P 0
L 0.4744094 -0.0856299 0.5610236 -0.0856299 1 P 0
L -0.4852423 -0.9271842 -0.4596517 -0.9271842 0 P 0
L -0.4852423 -1.0010031 -0.4596517 -1.0010031 0 P 0
L -0.4852423 -1.0010031 -0.4852423 -0.9271842 0 P 0
L -0.4852423 -1.0856487 -0.4596517 -1.0856487 0 P 0
L -0.4852423 -1.1594676 -0.4596517 -1.1594676 0 P 0
L -0.4852423 -1.1594676 -0.4852423 -1.0856487 0 P 0
L 0.4990158 -0.4192915 0.4990158 -0.3326773 1 P 0
L 0.4990158 -1.5964567 0.4990158 -1.5098425 1 P 0
L -0.503937 0.3602362 -0.4409448 0.3602362 1 P 0
L -0.503937 0.3602362 -0.503937 0.4665354 1 P 0
L -0.503937 0.4665354 -0.4409448 0.4665354 1 P 0
L 0.5039371 -0.269685 0.5039371 -0.1633858 1 P 0
L -0.5226379 1.3543306 -0.5226379 1.4409448 1 P 0
L 0.5246062 -0.8031497 0.5777558 -0.8031497 1 P 0
L 0.5246062 -0.8897639 0.5246062 -0.8031497 1 P 0
L 0.5246062 -0.8897639 0.5777558 -0.8897639 1 P 0
L 0.5246062 -0.96063 0.5777559 -0.96063 1 P 0
L 0.5246062 -1.0472442 0.5246062 -0.96063 1 P 0
L 0.5246062 -1.0472442 0.5777559 -1.0472442 1 P 0
L 0.5246063 -1.2303149 0.577756 -1.2303149 1 P 0
L 0.5246063 -1.3169291 0.5246063 -1.2303149 1 P 0
L 0.5246063 -1.3169291 0.577756 -1.3169291 1 P 0
L -0.5347638 -0.2149607 -0.5347638 0.5350393 1 P 0
L -0.5348425 -2.0088582 -0.5348425 -1.2588582 1 P 0
L 0.5348426 -1.2588582 0.725 -1.2588582 1 P 0
L 0.5348426 -1.2887795 0.725 -1.2887795 1 P 0
L 0.5348426 -1.9789369 0.725 -1.9789369 1 P 0
L 0.5348426 -2.0088582 0.5348426 -1.2588582 1 P 0
L 0.5348426 -2.0088582 0.725 -2.0088582 1 P 0
L -0.5500457 -0.9429117 -0.3948426 -0.9429117 0 P 0
L -0.5511859 -0.9389747 -0.3937087 -0.9389747 1 P 0
L -0.559055 -1.3720472 -0.559055 -1.265748 1 P 0
L -0.559055 -1.5688976 -0.559055 -1.4625984 1 P 0
L 0.5610236 -0.0856299 0.5610236 -0.0324802 1 P 0
L -0.5639765 0.2519684 -0.5639765 0.3385826 1 P 0
L 0.5639765 -1.4724409 0.6171261 -1.4724409 1 P 0
L 0.5639765 -1.5590551 0.5639765 -1.4724409 1 P 0
L 0.5639765 -1.5590551 0.6171261 -1.5590551 1 P 0
L -0.5649606 -0.7755905 -0.4586614 -0.7755905 1 P 0
L -0.5649606 -0.8385827 -0.4586614 -0.8385827 1 P 0
L -0.5649606 -0.8385827 -0.5649606 -0.7755905 1 P 0
L -0.572833 -1.1436991 -0.3720456 -1.1436991 0 P 0
L -0.572833 -1.1436991 -0.572833 -0.9657086 0 P 0
L -0.572849 -0.9657087 -0.550052 -0.9429117 0 P 0
L -0.57677 -0.9645588 -0.5511859 -0.9389747 1 P 0
L -0.57677 -0.9960613 -0.572833 -0.9960613 0 P 0
L -0.57677 -1.0905495 -0.572833 -1.0905495 0 P 0
L -0.57677 -1.1476361 -0.3681086 -1.1476361 1 P 0
L -0.57677 -1.1476361 -0.57677 -0.9645588 1 P 0
L 0.5777558 -0.8897639 0.5777558 -0.8031497 1 P 0
L 0.5777559 -1.0472442 0.5777559 -0.96063 1 P 0
L 0.577756 -1.3169291 0.577756 -1.2303149 1 P 0
L -0.5797245 1.3543306 -0.5226379 1.3543306 1 P 0
L -0.5797245 1.3543306 -0.5797245 1.4409448 1 P 0
L -0.5797245 1.4409448 -0.5226379 1.4409448 1 P 0
L 0.5866141 1.3710631 0.5866141 1.4242127 1 P 0
L 0.5866141 1.3710631 0.6732283 1.3710631 1 P 0
L 0.5866141 1.4242127 0.6732283 1.4242127 1 P 0
L -0.6171261 0.2519684 -0.5639765 0.2519684 1 P 0
L -0.6171261 0.2519684 -0.6171261 0.3385826 1 P 0
L -0.6171261 0.3385826 -0.5639765 0.3385826 1 P 0
L 0.6171261 -1.5590551 0.6171261 -1.4724409 1 P 0
L -0.6220472 -1.265748 -0.559055 -1.265748 1 P 0
L -0.6220472 -1.3720472 -0.559055 -1.3720472 1 P 0
L -0.6220472 -1.3720472 -0.6220472 -1.265748 1 P 0
L -0.6220472 -1.4625984 -0.559055 -1.4625984 1 P 0
L -0.6220472 -1.5688976 -0.559055 -1.5688976 1 P 0
L -0.6220472 -1.5688976 -0.6220472 -1.4625984 1 P 0
L -0.6377952 -0.781496 -0.6377952 -0.6751968 1 P 0
L 0.6377953 -1.265748 0.7007875 -1.265748 1 P 0
L 0.6377953 -1.3720472 0.6377953 -1.265748 1 P 0
L 0.6377953 -1.3720472 0.7007875 -1.3720472 1 P 0
L 0.6377953 -1.4625984 0.7007875 -1.4625984 1 P 0
L 0.6377953 -1.5688976 0.6377953 -1.4625984 1 P 0
L 0.6377953 -1.5688976 0.7007875 -1.5688976 1 P 0
L 0.640748 -0.0551182 0.6978346 -0.0551182 1 P 0
L 0.640748 -0.1417324 0.640748 -0.0551182 1 P 0
L 0.640748 -0.1417324 0.6978346 -0.1417324 1 P 0
L 0.6427165 0.2519684 0.6427165 0.3385826 1 P 0
L 0.6427165 0.2519684 0.6958661 0.2519684 1 P 0
L 0.6427165 0.3385826 0.6958661 0.3385826 1 P 0
L 0.6427167 -0.2125983 0.6958663 -0.2125983 1 P 0
L 0.6427167 -0.2992125 0.6427167 -0.2125983 1 P 0
L 0.6427167 -0.2992125 0.6958663 -0.2992125 1 P 0
L 0.6732283 1.3710631 0.6732283 1.4242127 1 P 0
L -0.6801182 -1.5590553 -0.6801182 -1.4724411 1 P 0
L -0.6830693 -1.1476361 -0.6830693 -0.9645748 1 P 0
L 0.6830725 -0.9645588 0.7086566 -0.9389747 1 P 0
L 0.6830725 -0.9960613 0.6870095 -0.9960613 0 P 0
L 0.6830725 -1.0905495 0.6870095 -1.0905495 0 P 0
L 0.6830725 -1.1476361 0.6830725 -0.9645588 1 P 0
L 0.6830725 -1.1476361 0.8917339 -1.1476361 1 P 0
L 0.6869935 -0.9657087 0.7097905 -0.9429117 0 P 0
L -0.6870063 -0.9960613 -0.6830693 -0.9960613 0 P 0
L -0.6870063 -1.0905495 -0.6830693 -1.0905495 0 P 0
L -0.6870063 -1.1436991 -0.6870063 -0.9657087 0 P 0
L 0.6870095 -1.1436991 0.6870095 -0.9657086 0 P 0
L 0.6870095 -1.1436991 0.8877969 -1.1436991 0 P 0
L 0.6958661 0.2519684 0.6958661 0.3385826 1 P 0
L 0.6958663 -0.2992125 0.6958663 -0.2125983 1 P 0
L 0.6978346 -0.1417324 0.6978346 -0.0551182 1 P 0
L -0.7007874 -0.6751968 -0.6377952 -0.6751968 1 P 0
L -0.7007874 -0.781496 -0.6377952 -0.781496 1 P 0
L -0.7007874 -0.781496 -0.7007874 -0.6751968 1 P 0
L 0.7007875 -1.3720472 0.7007875 -1.265748 1 P 0
L 0.7007875 -1.5688976 0.7007875 -1.4625984 1 P 0
L 0.7047245 -0.5816931 0.7913387 -0.5816931 1 P 0
L 0.7047245 -0.6387797 0.7047245 -0.5816931 1 P 0
L 0.7047245 -0.6387797 0.7913387 -0.6387797 1 P 0
L 0.7086566 -0.9389747 0.8661338 -0.9389747 1 P 0
L -0.7086678 -0.9389763 -0.6830773 -0.9645668 1 P 0
L 0.7097968 -0.9429117 0.8649999 -0.9429117 0 P 0
L -0.7098033 -0.9429117 -0.6870063 -0.9657087 0 P 0
L -0.7249212 -0.1850394 -0.5347638 -0.1850394 1 P 0
L -0.7249212 -0.2149607 -0.5347638 -0.2149607 1 P 0
L -0.7249212 -0.2149607 -0.7249212 0.5350393 1 P 0
L -0.7249212 0.505118 -0.5347638 0.505118 1 P 0
L -0.7249212 0.5350393 -0.5347638 0.5350393 1 P 0
L -0.7249999 -1.2588582 -0.5348425 -1.2588582 1 P 0
L -0.7249999 -1.2887795 -0.5348425 -1.2887795 1 P 0
L -0.7249999 -1.9789369 -0.5348425 -1.9789369 1 P 0
L -0.7249999 -2.0088582 -0.5348425 -2.0088582 1 P 0
L -0.7249999 -2.0088582 -0.7249999 -1.2588582 1 P 0
L 0.725 -2.0088582 0.725 -1.2588582 1 P 0
L -0.7372048 -1.4724411 -0.6801182 -1.4724411 1 P 0
L -0.7372048 -1.5590553 -0.6801182 -1.5590553 1 P 0
L -0.7372048 -1.5590553 -0.7372048 -1.4724411 1 P 0
L 0.7440944 -0.7017716 0.8307086 -0.7017716 1 P 0
L 0.7440944 -0.7549212 0.7440944 -0.7017716 1 P 0
L 0.7440944 -0.7549212 0.8307086 -0.7549212 1 P 0
L -0.7440944 1.7647637 -0.7440944 1.8179133 1 P 0
L 0.7559055 -0.1633858 0.8188977 -0.1633858 1 P 0
L 0.7559055 -0.269685 0.7559055 -0.1633858 1 P 0
L 0.7559055 -0.269685 0.8188977 -0.269685 1 P 0
L 0.7559055 0.3602362 0.7559055 0.4665354 1 P 0
L 0.7559055 0.3602362 0.8188977 0.3602362 1 P 0
L 0.7559055 0.4665354 0.8188977 0.4665354 1 P 0
L 0.7588583 -1.468504 0.8159449 -1.468504 1 P 0
L 0.7588583 -1.5551182 0.7588583 -1.468504 1 P 0
L 0.7588583 -1.5551182 0.8159449 -1.5551182 1 P 0
L 0.7608267 0.0177165 0.8139764 0.0177165 1 P 0
L 0.7608267 -0.0688977 0.7608267 0.0177165 1 P 0
L 0.7608267 -0.0688977 0.8139764 -0.0688977 1 P 0
L 0.7608267 0.5728346 0.7608267 0.6594488 1 P 0
L 0.7608267 0.5728346 0.8139764 0.5728346 1 P 0
L -0.7608267 -0.6535433 -0.7608267 -0.5669291 1 P 0
L 0.7608267 0.6594488 0.8139764 0.6594488 1 P 0
L 0.7746002 -0.9271842 0.8001908 -0.9271842 0 P 0
L 0.7746002 -1.0010031 0.7746002 -0.9271842 0 P 0
L 0.7746002 -1.0010031 0.8001908 -1.0010031 0 P 0
L 0.7746002 -1.0856487 0.8001908 -1.0856487 0 P 0
L 0.7746002 -1.1594676 0.7746002 -1.0856487 0 P 0
L 0.7746002 -1.1594676 0.8001908 -1.1594676 0 P 0
L -0.7746124 -1.0010031 -0.7746124 -0.9271842 0 P 0
L -0.7746124 -1.1594676 -0.7746124 -1.0856487 0 P 0
L -0.7834644 -0.79626 -0.7834644 -0.7391734 1 P 0
L 0.7913387 -0.6387797 0.7913387 -0.5816931 1 P 0
L 0.8001908 -1.0010031 0.8001908 -0.9271842 0 P 0
L 0.8001908 -1.1594676 0.8001908 -1.0856487 0 P 0
L 0.8001969 0.0944882 0.8001969 0.1811024 1 P 0
L 0.8001969 0.0944882 0.8533466 0.0944882 1 P 0
L 0.8001969 0.1811024 0.8533466 0.1811024 1 P 0
L -0.800203 -0.9271842 -0.7746124 -0.9271842 0 P 0
L -0.800203 -1.0010031 -0.7746124 -1.0010031 0 P 0
L -0.800203 -1.0010031 -0.800203 -0.9271842 0 P 0
L -0.800203 -1.0856487 -0.7746124 -1.0856487 0 P 0
L -0.800203 -1.1594676 -0.7746124 -1.1594676 0 P 0
L -0.800203 -1.1594676 -0.800203 -1.0856487 0 P 0
L -0.8139763 -0.5669291 -0.7608267 -0.5669291 1 P 0
L -0.8139763 -0.6535433 -0.7608267 -0.6535433 1 P 0
L -0.8139763 -0.6535433 -0.8139763 -0.5669291 1 P 0
L 0.8139764 -0.0688977 0.8139764 0.0177165 1 P 0
L 0.8139764 0.5728346 0.8139764 0.6594488 1 P 0
L 0.8159449 -1.5551182 0.8159449 -1.468504 1 P 0
L 0.8188977 -0.269685 0.8188977 -0.1633858 1 P 0
L 0.8188977 0.3602362 0.8188977 0.4665354 1 P 0
L 0.8288977 2.0315354 0.8288977 2.0984646 1 P 0
L 0.8288977 2.0315354 0.9411024 2.0315354 1 P 0
L 0.8288977 2.0984646 0.9411024 2.0984646 1 P 0
L 0.8307086 -0.7549212 0.8307086 -0.7017716 1 P 0
L -0.8307086 1.7647637 -0.7440944 1.7647637 1 P 0
L -0.8307086 1.7647637 -0.8307086 1.8179133 1 P 0
L -0.8307086 1.8179133 -0.7440944 1.8179133 1 P 0
L 0.8315354 1.7938976 0.8315354 1.9061023 1 P 0
L 0.8315354 1.7938976 0.8984646 1.7938976 1 P 0
L 0.8315354 1.9061023 0.8984646 1.9061023 1 P 0
L 0.8533466 0.0944882 0.8533466 0.1811024 1 P 0
L 0.8649999 -0.9429117 0.8877969 -0.9657087 0 P 0
L -0.8650064 -0.9429117 -0.7098033 -0.9429117 0 P 0
L 0.8661354 -0.9389763 0.8917259 -0.9645668 1 P 0
L -0.8661466 -0.9389747 -0.7086694 -0.9389747 1 P 0
L -0.8700786 -0.7391734 -0.7834644 -0.7391734 1 P 0
L -0.8700786 -0.79626 -0.7834644 -0.79626 1 P 0
L -0.8700786 -0.79626 -0.8700786 -0.7391734 1 P 0
L -0.8877937 -1.1436991 -0.6870063 -1.1436991 0 P 0
L -0.8877937 -1.1436991 -0.8877937 -0.9657086 0 P 0
L 0.8877969 -0.9960613 0.8917339 -0.9960613 0 P 0
L 0.8877969 -1.0905495 0.8917339 -1.0905495 0 P 0
L 0.8877969 -1.1436991 0.8877969 -0.9657087 0 P 0
L -0.8878097 -0.9657087 -0.8650127 -0.9429117 0 P 0
L -0.8917307 -0.9645588 -0.8661466 -0.9389747 1 P 0
L -0.8917307 -0.9960613 -0.8877937 -0.9960613 0 P 0
L -0.8917307 -1.0905495 -0.8877937 -1.0905495 0 P 0
L -0.8917307 -1.1476361 -0.6830693 -1.1476361 1 P 0
L -0.8917307 -1.1476361 -0.8917307 -0.9645588 1 P 0
L 0.8917339 -1.1476361 0.8917339 -0.9645748 1 P 0
L 0.8984646 1.7938976 0.8984646 1.9061023 1 P 0
L 0.9411024 2.0315354 0.9411024 2.0984646 1 P 0
L 0.981693 1.2864566 0.981693 1.3435432 1 P 0
L 0.981693 1.2864566 1.0683072 1.2864566 1 P 0
L 0.981693 1.3435432 1.0683072 1.3435432 1 P 0
L 1.031496 -0.6358268 1.0944882 -0.6358268 1 P 0
L 1.031496 -0.742126 1.031496 -0.6358268 1 P 0
L 1.031496 -0.742126 1.0944882 -0.742126 1 P 0
L -1.0364172 -0.253937 -1.0364172 -0.1673228 1 P 0
L 1.0364172 -1.3543308 1.0895668 -1.3543308 1 P 0
L -1.0364172 -1.4409448 -1.0364172 -1.3543306 1 P 0
L 1.0364172 -1.440945 1.0364172 -1.3543308 1 P 0
L 1.0364172 -1.440945 1.0895668 -1.440945 1 P 0
L -1.0364173 -0.8444883 -1.0364173 -0.7578741 1 P 0
L -1.0364174 0.094488 -1.0364174 0.1811022 1 P 0
L -1.0483464 0.361811 -1.0483464 0.4681102 1 P 0
L 1.0683072 1.2864566 1.0683072 1.3435432 1 P 0
L -1.0895668 -1.3543306 -1.0364172 -1.3543306 1 P 0
L -1.0895668 -1.4409448 -1.0364172 -1.4409448 1 P 0
L -1.0895668 -1.4409448 -1.0895668 -1.3543306 1 P 0
L 1.0895668 -1.440945 1.0895668 -1.3543308 1 P 0
L -1.0895669 -0.1673228 -1.0364172 -0.1673228 1 P 0
L -1.0895669 -0.253937 -1.0364172 -0.253937 1 P 0
L -1.0895669 -0.253937 -1.0895669 -0.1673228 1 P 0
L -1.089567 0.094488 -1.0364174 0.094488 1 P 0
L -1.089567 0.094488 -1.089567 0.1811022 1 P 0
L -1.089567 0.1811022 -1.0364174 0.1811022 1 P 0
L -1.089567 -0.7578741 -1.0364173 -0.7578741 1 P 0
L -1.089567 -0.8444883 -1.0364173 -0.8444883 1 P 0
L -1.089567 -0.8444883 -1.089567 -0.7578741 1 P 0
L 1.0944882 -0.742126 1.0944882 -0.6358268 1 P 0
L -1.1113386 0.361811 -1.0483464 0.361811 1 P 0
L -1.1113386 0.361811 -1.1113386 0.4681102 1 P 0
L -1.1113386 0.4681102 -1.0483464 0.4681102 1 P 0
L -1.1417323 -2.1850394 1.1417323 -2.1850394 2 P 0
L -1.1417323 2.1850394 1.1417323 2.1850394 2 P 0
L 1.1417323 -2.1867635 1.1417323 2.1833153 2 P 0
L -1.1432677 -2.1867635 -1.1432677 2.1833153 2 P 0
P 0.8650033 1.8014529 3 P 0 0
P 0.9335471 2.0650033 4 P 0 0
