#Layer_Color=32768
#
#Feature symbol names
#
$0 r3.937
$1 r1.9685

#
#Feature attribute names
#

#
#Layer features
#
L 0 -1.6535432 0 -1.6141732 0 P 0
L 0.0004725 -0.9050395 0.0398426 -0.9050395 0 P 0
L 0.0019684 0.2263779 0.0019684 0.3641732 1 P 0
L 0.0019684 0.2263779 0.0767715 0.2263779 1 P 0
L 0.0019684 0.3641732 0.0767715 0.3641732 1 P 0
L 0.003937 -1.1960629 0.0748032 -1.1960629 1 P 0
L 0.003937 -1.3629921 0.003937 -1.1960629 1 P 0
L 0.003937 -1.3629921 0.0748032 -1.3629921 1 P 0
L 0.003937 -1.4322834 0.0748032 -1.4322834 1 P 0
L 0.003937 -1.5992126 0.003937 -1.4322834 1 P 0
L 0.003937 -1.5992126 0.0748032 -1.5992126 1 P 0
L 0.0196849 0.2952755 0.059055 0.2952755 0 P 0
L -0.019685 -1.6338582 0.019685 -1.6338582 0 P 0
L 0.0196851 -1.2795275 0.0590551 -1.2795275 0 P 0
L 0.0196851 -1.515748 0.0590551 -1.515748 0 P 0
L 0.0201576 -0.9247245 0.0201576 -0.8853545 0 P 0
L 0.03937 0.2755905 0.03937 0.3149606 0 P 0
L 0.0393701 -1.2992125 0.0393701 -1.2598425 0 P 0
L 0.0393701 -1.535433 0.0393701 -1.496063 0 P 0
L -0.0393701 -1.5846458 -0.0393701 -1.4468505 1 P 0
L -0.0487401 -0.8656694 0.0890552 -0.8656694 1 P 0
L -0.0487401 -0.9444096 -0.0487401 -0.8656694 1 P 0
L -0.0487401 -0.9444096 0.0890552 -0.9444096 1 P 0
L 0.0492127 -0.8996062 0.2657481 -0.8996062 1 P 0
L 0.0492127 -1.1870078 0.0492127 -0.8996062 1 P 0
L 0.0492127 -1.1870078 0.2657481 -1.1870078 1 P 0
L 0.0748032 -1.3629921 0.0748032 -1.1960629 1 P 0
L 0.0748032 -1.5992126 0.0748032 -1.4322834 1 P 0
L 0.0767715 0.2263779 0.0767715 0.3641732 1 P 0
L -0.0787402 -1.5354332 -0.0787402 -1.4960631 0 P 0
L 0.0890552 -0.9444096 0.0890552 -0.8656694 1 P 0
L -0.0984252 -1.5157482 -0.0590552 -1.5157482 0 P 0
L -0.0990157 -1.2549212 0.0990157 -1.2549212 1 P 0
L -0.0990157 -2.0726417 -0.0990157 -1.2549212 1 P 0
L 0.0990157 -2.0726417 0.0990157 -1.2549212 1 P 0
L -0.0990157 -2.0726417 0.0990157 -2.0726417 1 P 0
L 0.1181102 1.3248031 0.1181102 1.4625984 1 P 0
L 0.1181102 1.3248031 0.1968504 1.3248031 1 P 0
L 0.1181102 1.4625984 0.1968504 1.4625984 1 P 0
L -0.1181103 -1.4468505 -0.0393701 -1.4468505 1 P 0
L -0.1181103 -1.5846458 -0.0393701 -1.5846458 1 P 0
L -0.1181103 -1.5846458 -0.1181103 -1.4468505 1 P 0
L -0.1220471 -0.3 -0.1220471 -0.1330708 1 P 0
L 0.1220473 0.3299212 0.1220473 0.4968504 1 P 0
L 0.1220473 0.3299212 0.1929135 0.3299212 1 P 0
L 0.1220473 0.4968504 0.1929135 0.4968504 1 P 0
L -0.1279528 -0.1200788 -0.1279528 -0.0098426 1 P 0
L 0.1377953 1.3937007 0.1771653 1.3937007 0 P 0
L 0.1377954 0.4133858 0.1771654 0.4133858 0 P 0
L 0.1377954 -1.043307 0.1771654 -1.043307 0 P 0
L -0.1574802 -0.2362204 -0.1574802 -0.1968504 0 P 0
L -0.1574803 -0.0846457 -0.1574803 -0.0452756 0 P 0
L 0.1574803 1.3740157 0.1574803 1.4133858 0 P 0
L 0.1574804 0.3937008 0.1574804 0.4330708 0 P 0
L 0.1574804 -1.062992 0.1574804 -1.023622 0 P 0
L -0.1594487 -1.7814961 -0.1594487 -1.6437008 1 P 0
L -0.1673229 0.4763778 -0.1673229 0.586614 1 P 0
L -0.1771652 -0.2165354 -0.1377952 -0.2165354 0 P 0
L -0.1771654 -0.0649607 -0.1377953 -0.0649607 0 P 0
L -0.1870079 -0.0098426 -0.1279528 -0.0098426 1 P 0
L -0.1870079 -0.1200788 -0.1279528 -0.1200788 1 P 0
L -0.1870079 -0.1200788 -0.1870079 -0.0098426 1 P 0
L -0.1929133 -0.1330708 -0.1220471 -0.1330708 1 P 0
L -0.1929133 -0.3 -0.1220471 -0.3 1 P 0
L -0.1929133 -0.3 -0.1929133 -0.1330708 1 P 0
L 0.1929135 0.3299212 0.1929135 0.4968504 1 P 0
L -0.1968503 -1.7322835 -0.1968503 -1.6929134 0 P 0
L -0.1968504 0.5118109 -0.1968504 0.551181 0 P 0
L 0.1968504 1.3248031 0.1968504 1.4625984 1 P 0
L -0.2165353 -1.7125984 -0.1771652 -1.7125984 0 P 0
L -0.2165355 0.5314959 -0.1771654 0.5314959 0 P 0
L -0.226378 0.4763778 -0.1673229 0.4763778 1 P 0
L -0.226378 0.4763778 -0.226378 0.586614 1 P 0
L -0.226378 0.586614 -0.1673229 0.586614 1 P 0
L -0.2342518 -1.6437008 -0.1594487 -1.6437008 1 P 0
L -0.2342518 -1.7814961 -0.1594487 -1.7814961 1 P 0
L -0.2342518 -1.7814961 -0.2342518 -1.6437008 1 P 0
L 0.2440945 1.3996063 0.2440945 1.4744094 1 P 0
L 0.2440945 1.3996063 0.3818898 1.3996063 1 P 0
L 0.2440945 1.4744094 0.3818898 1.4744094 1 P 0
L 0.2657481 -1.1870078 0.2657481 -0.8996062 1 P 0
L -0.2854331 1.3996064 -0.2854331 1.4744095 1 P 0
L 0.2933071 1.4370078 0.3326772 1.4370078 0 P 0
L 0.3129921 1.4173228 0.3129921 1.4566929 0 P 0
L -0.3543308 1.4173229 -0.3543308 1.456693 0 P 0
L -0.3641732 -1.1870078 -0.3641732 -0.8996062 1 P 0
L -0.3740158 1.4370079 -0.3346457 1.4370079 0 P 0
L 0.3818898 1.3996063 0.3818898 1.4744094 1 P 0
L -0.3956691 -1.5846457 -0.3956691 -1.4468504 1 P 0
L -0.3956693 -0.4015748 -0.3956693 -0.2637795 1 P 0
L -0.4035432 -1.3740157 -0.4035432 -1.2637795 1 P 0
L 0.4035434 0.3917323 0.4035434 0.5019685 1 P 0
L 0.4035434 0.3917323 0.4625985 0.3917323 1 P 0
L 0.4035434 0.5019685 0.4625985 0.5019685 1 P 0
L 0.4133859 0.4468504 0.452756 0.4468504 0 P 0
L -0.4232284 1.3996064 -0.2854331 1.3996064 1 P 0
L -0.4232284 1.3996064 -0.4232284 1.4744095 1 P 0
L -0.4232284 1.4744095 -0.2854331 1.4744095 1 P 0
L -0.4283464 -0.8425197 -0.4283464 -0.7716535 1 P 0
L -0.4330707 -1.5354331 -0.4330707 -1.496063 0 P 0
L -0.4330708 -0.3523622 -0.4330708 -0.3129921 0 P 0
L -0.4330708 -1.3385827 -0.4330708 -1.2992126 0 P 0
L 0.4330709 0.4271653 0.4330709 0.4665354 0 P 0
L 0.4350394 -0.3070867 0.5098425 -0.3070867 1 P 0
L 0.4350394 -0.444882 0.4350394 -0.3070867 1 P 0
L 0.4350394 -0.444882 0.5098425 -0.444882 1 P 0
L 0.4350395 -1.484252 0.5098426 -1.484252 1 P 0
L 0.4350395 -1.6220473 0.4350395 -1.484252 1 P 0
L 0.4350395 -1.6220473 0.5098426 -1.6220473 1 P 0
L -0.4370078 0.3299212 -0.4370078 0.4968504 1 P 0
L 0.4370079 -0.1330708 0.5078741 -0.1330708 1 P 0
L 0.4370079 -0.3 0.4370079 -0.1330708 1 P 0
L 0.4370079 -0.3 0.5078741 -0.3 1 P 0
L -0.4527557 -1.515748 -0.4133856 -1.515748 0 P 0
L -0.4527558 -1.3188976 -0.4133857 -1.3188976 0 P 0
L -0.4527559 -0.3326772 -0.4133858 -0.3326772 0 P 0
L 0.4527559 -0.3759844 0.492126 -0.3759844 0 P 0
L 0.452756 -0.2165354 0.492126 -0.2165354 0 P 0
L 0.452756 -1.5531496 0.4921261 -1.5531496 0 P 0
L -0.4625983 -1.2637795 -0.4035432 -1.2637795 1 P 0
L -0.4625983 -1.3740157 -0.4035432 -1.3740157 1 P 0
L -0.4625983 -1.3740157 -0.4625983 -1.2637795 1 P 0
L 0.4625984 -0.0295275 0.5728346 -0.0295275 1 P 0
L 0.4625984 -0.0885826 0.4625984 -0.0295275 1 P 0
L 0.4625984 -0.0885826 0.5728346 -0.0885826 1 P 0
L 0.4625985 0.3917323 0.4625985 0.5019685 1 P 0
L -0.4704722 -1.4468504 -0.3956691 -1.4468504 1 P 0
L -0.4704722 -1.5846457 -0.3956691 -1.5846457 1 P 0
L -0.4704722 -1.5846457 -0.4704722 -1.4468504 1 P 0
L -0.4704724 -0.2637795 -0.3956693 -0.2637795 1 P 0
L -0.4704724 -0.4015748 -0.3956693 -0.4015748 1 P 0
L -0.4704724 -0.4015748 -0.4704724 -0.2637795 1 P 0
L -0.4724409 0.3937008 -0.4724409 0.4330708 0 P 0
L -0.4724409 -1.062992 -0.4724409 -1.023622 0 P 0
L 0.472441 -0.2362204 0.472441 -0.1968504 0 P 0
L 0.472441 -0.3956694 0.472441 -0.3562993 0 P 0
L 0.472441 -1.5728347 0.472441 -1.5334646 0 P 0
L -0.4921259 0.4133858 -0.4527559 0.4133858 0 P 0
L -0.4921259 -1.043307 -0.4527559 -1.043307 0 P 0
L 0.4980315 -0.0590551 0.5374016 -0.0590551 0 P 0
L -0.507874 0.3299212 -0.4370078 0.3299212 1 P 0
L -0.507874 0.3299212 -0.507874 0.4968504 1 P 0
L -0.507874 0.4968504 -0.4370078 0.4968504 1 P 0
L 0.5078741 -0.3 0.5078741 -0.1330708 1 P 0
L 0.5098425 -0.444882 0.5098425 -0.3070867 1 P 0
L 0.5098426 -1.6220473 0.5098426 -1.484252 1 P 0
L -0.511811 -0.8267716 -0.511811 -0.7874016 0 P 0
L -0.5118111 1.3287401 -0.5118111 1.4665354 1 P 0
L 0.5137794 -0.7775591 0.5885825 -0.7775591 1 P 0
L 0.5137794 -0.9153544 0.5137794 -0.7775591 1 P 0
L 0.5137794 -0.9153544 0.5885825 -0.9153544 1 P 0
L 0.5177165 -0.0787401 0.5177165 -0.03937 0 P 0
L 0.5216535 -0.948819 0.5807086 -0.948819 1 P 0
L 0.5216535 -1.0590552 0.5216535 -0.948819 1 P 0
L 0.5216535 -1.0590552 0.5807086 -1.0590552 1 P 0
L 0.5216536 -1.2185039 0.5807087 -1.2185039 1 P 0
L 0.5216536 -1.3287401 0.5216536 -1.2185039 1 P 0
L 0.5216536 -1.3287401 0.5807087 -1.3287401 1 P 0
L -0.5308268 -0.2787442 -0.5308268 0.5389763 1 P 0
L -0.5309055 -2.0726417 -0.5309055 -1.2549212 1 P 0
L 0.5309056 -1.2549212 0.728937 -1.2549212 1 P 0
L 0.5309056 -2.0726417 0.5309056 -1.2549212 1 P 0
L 0.5309056 -2.0726417 0.728937 -2.0726417 1 P 0
L 0.5314959 -0.8464568 0.570866 -0.8464568 0 P 0
L -0.531496 -0.8070866 -0.492126 -0.8070866 0 P 0
L 0.531496 -1.0039371 0.5708661 -1.0039371 0 P 0
L 0.5314961 -1.273622 0.5708662 -1.273622 0 P 0
L 0.551181 -0.8661418 0.551181 -0.8267717 0 P 0
L 0.5511811 -1.0236221 0.5511811 -0.984252 0 P 0
L 0.5511811 -1.2933071 0.5511811 -1.253937 0 P 0
L -0.5511812 1.3779527 -0.5511812 1.4173228 0 P 0
L -0.5531498 0.2263779 -0.5531498 0.3641732 1 P 0
L 0.5531498 -1.4468504 0.6279529 -1.4468504 1 P 0
L 0.5531498 -1.5846457 0.5531498 -1.4468504 1 P 0
L 0.5531498 -1.5846457 0.6279529 -1.5846457 1 P 0
L -0.555118 -1.4023622 -0.555118 -1.235433 1 P 0
L -0.555118 -1.5992126 -0.555118 -1.4322834 1 P 0
L 0.5610236 1.3602364 0.5610236 1.4350395 1 P 0
L 0.5610236 1.3602364 0.6988189 1.3602364 1 P 0
L 0.5610236 1.4350395 0.6988189 1.4350395 1 P 0
L -0.5708662 1.3976377 -0.5314962 1.3976377 0 P 0
L 0.5708663 -1.515748 0.6102364 -1.515748 0 P 0
L 0.5728346 -0.0885826 0.5728346 -0.0295275 1 P 0
L -0.5807086 -0.8996062 -0.3641732 -0.8996062 1 P 0
L 0.5807086 -1.0590552 0.5807086 -0.948819 1 P 0
L -0.5807086 -1.1870078 -0.3641732 -1.1870078 1 P 0
L -0.5807086 -1.1870078 -0.5807086 -0.8996062 1 P 0
L 0.5807087 -1.3287401 0.5807087 -1.2185039 1 P 0
L 0.5885825 -0.9153544 0.5885825 -0.7775591 1 P 0
L -0.5905511 -1.3385826 -0.5905511 -1.2992126 0 P 0
L -0.5905511 -1.535433 -0.5905511 -1.496063 0 P 0
L -0.5905513 0.2755905 -0.5905513 0.3149606 0 P 0
L -0.5905513 1.3287401 -0.5118111 1.3287401 1 P 0
L -0.5905513 1.3287401 -0.5905513 1.4665354 1 P 0
L -0.5905513 1.4665354 -0.5118111 1.4665354 1 P 0
L 0.5905513 -1.5354331 0.5905513 -1.496063 0 P 0
L -0.5952756 -0.7716535 -0.4283464 -0.7716535 1 P 0
L -0.5952756 -0.8425197 -0.4283464 -0.8425197 1 P 0
L -0.5952756 -0.8425197 -0.5952756 -0.7716535 1 P 0
L -0.6102361 -1.3188976 -0.5708661 -1.3188976 0 P 0
L -0.6102361 -1.515748 -0.5708661 -1.515748 0 P 0
L 0.6102362 1.3976379 0.6496063 1.3976379 0 P 0
L 0.6102363 -1.6338582 0.6496063 -1.6338582 0 P 0
L -0.6102364 0.2952755 -0.5708663 0.2952755 0 P 0
L -0.6259842 -1.235433 -0.555118 -1.235433 1 P 0
L -0.6259842 -1.4023622 -0.555118 -1.4023622 1 P 0
L -0.6259842 -1.4023622 -0.6259842 -1.235433 1 P 0
L -0.6259842 -1.4322834 -0.555118 -1.4322834 1 P 0
L -0.6259842 -1.5992126 -0.555118 -1.5992126 1 P 0
L -0.6259842 -1.5992126 -0.6259842 -1.4322834 1 P 0
L -0.6279529 0.2263779 -0.5531498 0.2263779 1 P 0
L -0.6279529 0.2263779 -0.6279529 0.3641732 1 P 0
L -0.6279529 0.3641732 -0.5531498 0.3641732 1 P 0
L 0.6279529 -1.5846457 0.6279529 -1.4468504 1 P 0
L -0.6298425 0.1403543 -0.6298425 0.1797243 0 P 0
L 0.6299212 -0.0295276 0.7086614 -0.0295276 1 P 0
L 0.6299212 -0.1673229 0.6299212 -0.0295276 1 P 0
L 0.6299212 -0.1673229 0.7086614 -0.1673229 1 P 0
L 0.6299212 1.3779529 0.6299212 1.417323 0 P 0
L -0.6299212 -1.6535432 -0.6299212 -1.6141732 0 P 0
L 0.6299213 -1.6535432 0.6299213 -1.6141732 0 P 0
L 0.6318897 0.2263779 0.6318897 0.3641732 1 P 0
L 0.6318897 0.2263779 0.7066928 0.2263779 1 P 0
L 0.6318897 0.3641732 0.7066928 0.3641732 1 P 0
L 0.63189 -0.1870078 0.7066931 -0.1870078 1 P 0
L 0.63189 -0.3248031 0.63189 -0.1870078 1 P 0
L 0.63189 -0.3248031 0.7066931 -0.3248031 1 P 0
L -0.6338582 -0.811811 -0.6338582 -0.6448818 1 P 0
L 0.6338583 -1.235433 0.7047245 -1.235433 1 P 0
L 0.6338583 -1.4023622 0.6338583 -1.235433 1 P 0
L 0.6338583 -1.4023622 0.7047245 -1.4023622 1 P 0
L 0.6338583 -1.4322834 0.7047245 -1.4322834 1 P 0
L 0.6338583 -1.5992126 0.6338583 -1.4322834 1 P 0
L 0.6338583 -1.5992126 0.7047245 -1.5992126 1 P 0
L -0.6495275 0.1600393 -0.6101575 0.1600393 0 P 0
L 0.6496062 0.2952755 0.6889763 0.2952755 0 P 0
L -0.6496062 -1.6338582 -0.6102362 -1.6338582 0 P 0
L 0.6496063 -0.0984253 0.6889763 -0.0984253 0 P 0
L 0.6496064 -1.3188976 0.6889764 -1.3188976 0 P 0
L 0.6496064 -1.515748 0.6889764 -1.515748 0 P 0
L 0.6496065 -0.2559054 0.6889766 -0.2559054 0 P 0
L 0.6692913 -0.1181103 0.6692913 -0.0787402 0 P 0
L 0.6692913 0.2755905 0.6692913 0.3149606 0 P 0
L -0.6692913 -0.7480314 -0.6692913 -0.7086614 0 P 0
L 0.6692914 -1.3385826 0.6692914 -1.2992126 0 P 0
L 0.6692914 -1.535433 0.6692914 -1.496063 0 P 0
L -0.6692914 -1.5846458 -0.6692914 -1.4468505 1 P 0
L 0.6692915 -0.2755905 0.6692915 -0.2362204 0 P 0
L 0.6791339 -0.5708663 0.8169292 -0.5708663 1 P 0
L 0.6791339 -0.6496065 0.6791339 -0.5708663 1 P 0
L 0.6791339 -0.6496065 0.8169292 -0.6496065 1 P 0
L 0.6791339 -0.8996062 0.8956693 -0.8996062 1 P 0
L 0.6791339 -1.1870078 0.6791339 -0.8996062 1 P 0
L -0.6791339 -1.1870078 -0.6791339 -0.8996062 1 P 0
L 0.6791339 -1.1870078 0.8956693 -1.1870078 1 P 0
L -0.6889763 -0.7283464 -0.6496063 -0.7283464 0 P 0
L 0.6988189 1.3602364 0.6988189 1.4350395 1 P 0
L -0.7047244 -0.6448818 -0.6338582 -0.6448818 1 P 0
L -0.7047244 -0.811811 -0.6338582 -0.811811 1 P 0
L -0.7047244 -0.811811 -0.7047244 -0.6448818 1 P 0
L 0.7047245 -1.4023622 0.7047245 -1.235433 1 P 0
L 0.7047245 -1.5992126 0.7047245 -1.4322834 1 P 0
L 0.7066928 0.2263779 0.7066928 0.3641732 1 P 0
L 0.7066931 -0.3248031 0.7066931 -0.1870078 1 P 0
L 0.7086614 -0.1673229 0.7086614 -0.0295276 1 P 0
L -0.7086615 -1.5354332 -0.7086615 -1.4960631 0 P 0
L 0.7185039 -0.6909448 0.8562992 -0.6909448 1 P 0
L 0.7185039 -0.7657479 0.7185039 -0.6909448 1 P 0
L 0.7185039 -0.7657479 0.8562992 -0.7657479 1 P 0
L -0.7185039 1.7539369 -0.7185039 1.82874 1 P 0
L 0.7283465 -0.6102364 0.7677166 -0.6102364 0 P 0
L -0.7283465 -1.5157482 -0.6889765 -1.5157482 0 P 0
L -0.7288582 -0.2787442 -0.5308268 -0.2787442 1 P 0
L -0.7288582 -0.2787442 -0.7288582 0.5389763 1 P 0
L -0.7288582 0.5389763 -0.5308268 0.5389763 1 P 0
L -0.7289369 -1.2549212 -0.5309055 -1.2549212 1 P 0
L -0.7289369 -2.0726417 -0.5309055 -2.0726417 1 P 0
L -0.7289369 -2.0726417 -0.7289369 -1.2549212 1 P 0
L 0.728937 -2.0726417 0.728937 -1.2549212 1 P 0
L 0.7480315 -1.4429134 0.8267717 -1.4429134 1 P 0
L 0.7480315 -1.5807087 0.7480315 -1.4429134 1 P 0
L 0.7480315 -1.5807087 0.8267717 -1.5807087 1 P 0
L 0.7480316 -0.6299214 0.7480316 -0.5905514 0 P 0
L -0.7480316 -1.4468505 -0.6692914 -1.4468505 1 P 0
L -0.7480316 -1.5846458 -0.6692914 -1.5846458 1 P 0
L -0.7480316 -1.5846458 -0.7480316 -1.4468505 1 P 0
L -0.7499999 -0.6791339 -0.7499999 -0.5413386 1 P 0
L 0.7519685 -0.1330708 0.8228347 -0.1330708 1 P 0
L 0.7519685 -0.3 0.7519685 -0.1330708 1 P 0
L 0.7519685 -0.3 0.8228347 -0.3 1 P 0
L 0.7519685 0.3299212 0.7519685 0.4968504 1 P 0
L 0.7519685 0.3299212 0.8228347 0.3299212 1 P 0
L 0.7519685 0.4968504 0.8228347 0.4968504 1 P 0
L -0.7578739 -0.8070868 -0.7578739 -0.7283466 1 P 0
L 0.757874 0.0295275 0.8169291 0.0295275 1 P 0
L 0.757874 -0.0807087 0.757874 0.0295275 1 P 0
L 0.757874 -0.0807087 0.8169291 -0.0807087 1 P 0
L 0.757874 0.5610236 0.757874 0.6712598 1 P 0
L 0.757874 0.5610236 0.8169291 0.5610236 1 P 0
L 0.757874 0.6712598 0.8169291 0.6712598 1 P 0
L 0.7677165 -0.0255906 0.8070866 -0.0255906 0 P 0
L 0.7677165 0.6161417 0.8070866 0.6161417 0 P 0
L 0.7677165 -0.7283464 0.8070866 -0.7283464 0 P 0
L 0.7677166 -0.2165354 0.8070866 -0.2165354 0 P 0
L 0.7677166 0.4133858 0.8070866 0.4133858 0 P 0
L 0.7677166 -1.043307 0.8070866 -1.043307 0 P 0
L 0.7677166 -1.5118111 0.8070866 -1.5118111 0 P 0
L 0.7826378 2.0236614 0.7826378 2.1063386 1 P 0
L 0.7826378 2.0236614 0.9873622 2.0236614 1 P 0
L 0.7826378 2.1063386 0.9873622 2.1063386 1 P 0
L -0.7874015 -0.6299213 -0.7874015 -0.5905512 0 P 0
L 0.7874015 -0.7480314 0.7874015 -0.7086613 0 P 0
L -0.7874015 1.7716534 -0.7874015 1.8110235 0 P 0
L 0.7874016 -0.0452756 0.7874016 -0.0059055 0 P 0
L 0.7874016 -0.2362204 0.7874016 -0.1968504 0 P 0
L 0.7874016 0.3937008 0.7874016 0.4330708 0 P 0
L 0.7874016 0.5964567 0.7874016 0.6358268 0 P 0
L 0.7874016 -1.062992 0.7874016 -1.023622 0 P 0
L -0.7874016 -1.062992 -0.7874016 -1.023622 0 P 0
L 0.7874016 -1.5314961 0.7874016 -1.492126 0 P 0
L 0.7972442 0.0826772 0.7972442 0.1929134 1 P 0
L 0.7972442 0.0826772 0.8562993 0.0826772 1 P 0
L 0.7972442 0.1929134 0.8562993 0.1929134 1 P 0
L -0.8070865 -0.6102362 -0.7677164 -0.6102362 0 P 0
L -0.8070866 -1.043307 -0.7677166 -1.043307 0 P 0
L -0.8070866 1.7913385 -0.7677165 1.7913385 0 P 0
L 0.8070867 0.1377953 0.8464568 0.1377953 0 P 0
L 0.8169291 -0.0807087 0.8169291 0.0295275 1 P 0
L 0.8169291 0.5610236 0.8169291 0.6712598 1 P 0
L 0.8169292 -0.6496065 0.8169292 -0.5708663 1 P 0
L 0.8228347 -0.3 0.8228347 -0.1330708 1 P 0
L 0.8228347 0.3299212 0.8228347 0.4968504 1 P 0
L 0.8236614 1.7476378 0.8236614 1.9523622 1 P 0
L 0.8236614 1.7476378 0.9063386 1.7476378 1 P 0
L 0.8236614 1.9523622 0.9063386 1.9523622 1 P 0
L -0.824803 -0.5413386 -0.7499999 -0.5413386 1 P 0
L -0.824803 -0.6791339 -0.7499999 -0.6791339 1 P 0
L -0.824803 -0.6791339 -0.824803 -0.5413386 1 P 0
L -0.8267715 -0.7874017 -0.8267715 -0.7480317 0 P 0
L 0.8267717 0.1181102 0.8267717 0.1574803 0 P 0
L 0.8267717 -1.5807087 0.8267717 -1.4429134 1 P 0
L 0.8340157 1.4035433 0.8340157 1.5964567 1 P 0
L 0.8340157 1.4035433 1.0859843 1.4035433 1 P 0
L 0.8340157 1.5964567 1.0859843 1.5964567 1 P 0
L 0.845315 1.85 0.884685 1.85 0 P 0
L -0.8464566 -0.7677167 -0.8070865 -0.7677167 0 P 0
L 0.8562992 -0.7657479 0.8562992 -0.6909448 1 P 0
L -0.8562992 1.7539369 -0.7185039 1.7539369 1 P 0
L -0.8562992 1.7539369 -0.8562992 1.82874 1 P 0
L -0.8562992 1.82874 -0.7185039 1.82874 1 P 0
L 0.8562993 0.0826772 0.8562993 0.1929134 1 P 0
L 0.865 1.8303149 0.865 1.869685 0 P 0
L 0.865315 2.065 0.9046851 2.065 0 P 0
L 0.885 2.045315 0.885 2.084685 0 P 0
L -0.8956692 -0.7283466 -0.7578739 -0.7283466 1 P 0
L -0.8956692 -0.8070868 -0.7578739 -0.8070868 1 P 0
L -0.8956692 -0.8070868 -0.8956692 -0.7283466 1 P 0
L -0.8956693 -0.8996062 -0.6791339 -0.8996062 1 P 0
L -0.8956693 -1.1870078 -0.6791339 -1.1870078 1 P 0
L 0.8956693 -1.1870078 0.8956693 -0.8996062 1 P 0
L -0.8956693 -1.1870078 -0.8956693 -0.8996062 1 P 0
L 0.9063386 1.7476378 0.9063386 1.9523622 1 P 0
L 0.940315 1.5 0.979685 1.5 0 P 0
L 0.9561024 1.2756298 0.9561024 1.35437 1 P 0
L 0.9561024 1.2756298 1.0938977 1.2756298 1 P 0
L 0.9561024 1.35437 1.0938977 1.35437 1 P 0
L 0.96 1.480315 0.96 1.519685 0 P 0
L 0.9873622 2.0236614 0.9873622 2.1063386 1 P 0
L 1.005315 1.3149999 1.0446851 1.3149999 0 P 0
L 1.0250001 1.2953149 1.0250001 1.3346849 0 P 0
L 1.0255904 -1.3287402 1.1003935 -1.3287402 1 P 0
L -1.0255904 -1.4665354 -1.0255904 -1.3287401 1 P 0
L 1.0255904 -1.4665355 1.0255904 -1.3287402 1 P 0
L 1.0255904 -1.4665355 1.1003935 -1.4665355 1 P 0
L -1.0255907 0.0688975 -1.0255907 0.2066928 1 P 0
L 1.027559 -0.6055118 1.0984252 -0.6055118 1 P 0
L 1.027559 -0.772441 1.027559 -0.6055118 1 P 0
L 1.027559 -0.772441 1.0984252 -0.772441 1 P 0
L -1.0334645 -0.265748 -1.0334645 -0.1555118 1 P 0
L -1.0334646 -0.8562993 -1.0334646 -0.7460631 1 P 0
L 1.0433069 -1.3976379 1.082677 -1.3976379 0 P 0
L 1.0433071 -0.6889764 1.0826771 -0.6889764 0 P 0
L -1.0444094 0.331496 -1.0444094 0.4984252 1 P 0
L -1.062992 -1.4173228 -1.062992 -1.3779527 0 P 0
L 1.062992 -1.4173229 1.062992 -1.3779528 0 P 0
L -1.0629921 -0.230315 -1.0629921 -0.1909449 0 P 0
L 1.0629921 -0.7086614 1.0629921 -0.6692914 0 P 0
L -1.0629921 -0.8208662 -1.0629921 -0.7814961 0 P 0
L -1.0629922 0.1181101 -1.0629922 0.1574802 0 P 0
L -1.0798425 0.3952756 -1.0798425 0.4346456 0 P 0
L -1.082677 -1.3976377 -1.0433069 -1.3976377 0 P 0
L -1.0826771 -0.2106299 -1.043307 -0.2106299 0 P 0
L -1.0826772 -0.8011812 -1.0433071 -0.8011812 0 P 0
L -1.0826773 0.1377951 -1.0433072 0.1377951 0 P 0
L 1.0859843 1.4035433 1.0859843 1.5964567 1 P 0
L -1.0925196 -0.1555118 -1.0334645 -0.1555118 1 P 0
L -1.0925196 -0.265748 -1.0334645 -0.265748 1 P 0
L -1.0925196 -0.265748 -1.0925196 -0.1555118 1 P 0
L -1.0925197 -0.7460631 -1.0334646 -0.7460631 1 P 0
L -1.0925197 -0.8562993 -1.0334646 -0.8562993 1 P 0
L -1.0925197 -0.8562993 -1.0925197 -0.7460631 1 P 0
L 1.0938977 1.2756298 1.0938977 1.35437 1 P 0
L 1.0984252 -0.772441 1.0984252 -0.6055118 1 P 0
L -1.0995275 0.4149606 -1.0601575 0.4149606 0 P 0
L -1.1003935 -1.3287401 -1.0255904 -1.3287401 1 P 0
L -1.1003935 -1.4665354 -1.0255904 -1.4665354 1 P 0
L -1.1003935 -1.4665354 -1.1003935 -1.3287401 1 P 0
L 1.1003935 -1.4665355 1.1003935 -1.3287402 1 P 0
L -1.1003938 0.0688975 -1.0255907 0.0688975 1 P 0
L -1.1003938 0.0688975 -1.1003938 0.2066928 1 P 0
L -1.1003938 0.2066928 -1.0255907 0.2066928 1 P 0
L -1.1152756 0.331496 -1.0444094 0.331496 1 P 0
L -1.1152756 0.331496 -1.1152756 0.4984252 1 P 0
L -1.1152756 0.4984252 -1.0444094 0.4984252 1 P 0
